INFO  15:34:24,020 - Compiling source file: C:\VII_semestar\PP1\Domaci\workspace\MJCompiler\test\program.mj
INFO  15:34:24,027 - #1 program
INFO  15:34:24,027 - #21 MJProgram
INFO  15:34:24,027 - #21 int
INFO  15:34:24,027 - #21 x
INFO  15:34:24,027 - #43 ,
INFO  15:34:24,028 - #21 y
INFO  15:34:24,028 - #41 ;
INFO  15:34:24,028 - #49 {
INFO  15:34:24,028 - #5 void
INFO  15:34:24,028 - #21 main
INFO  15:34:24,028 - #45 (
INFO  15:34:24,028 - #46 )
INFO  15:34:24,029 - #49 {
INFO  15:34:24,029 - #50 }
INFO  15:34:24,029 - #50 }
